0.00641506
0.0064541
0.00650037
0.00647522
0.00651097
0.00658856
0.00650696
0.00648727
0.00645518
0.00646635
0.00508744
0.00509184
0.00511644
0.00516482
0.00516228
0.00509361
0.00518668
0.00513659
0.00511186
0.00509211
0.00916209
0.00907011
0.00921976
0.00913092
0.00909365
0.009215
0.00907771
0.00916952
0.00905364
0.00919675
0.00705339
0.00695139
0.00691862
0.00702251
0.00692678
0.00698925
0.00689175
0.0069166
0.00689528
0.00692901
0.00612987
0.00620951
0.00620461
0.00610183
0.00611141
0.00612677
0.00622537
0.00613173
0.00613192
0.00614549
0.0102689
0.0103306
0.0102995
0.0102667
0.0102409
0.0103127
0.0102151
0.0102596
0.0101541
0.0102816
0.00173826
0.00172395
0.00167523
0.00166969
0.00166301
0.0016689
0.00166993
0.00166986
0.00169657
0.00172035
0.00999121
0.0100235
0.0100319
0.00996427
0.0100169
0.00999201
0.00999187
0.00994119
0.0100386
0.00996893
0.00806601
0.008169
0.00814939
0.00814274
0.00811524
0.00818808
0.00819613
0.00810266
0.00806969
0.00809893
0.00560849
0.0057117
0.00575611
0.00566949
0.00569441
0.0057547
0.00570592
0.00567193
0.00569266
0.00569846