0.921373
0.928582
0.922289
0.916826
0.92777
0.924714
0.932254
0.933812
0.932021
0.924805
3.17532
3.1452
3.1467
3.14022
3.14878
3.15921
3.15343
3.15076
3.17674
3.14121
0.105614
0.0984212
0.0982536
0.0981247
0.0975839
0.0971942
0.0972563
0.0968282
0.0974742
0.0969352
10.7951
10.8229
10.7961
10.873
10.7569
10.7964
10.912
10.9728
10.7678
10.9201
25.1846
25.197
25.4193
25.1768
25.1168
25.5024
25.2818
25.1566
25.0875
25.2011
15.2954
15.3638
15.3037
15.3155
15.203
15.2471
15.2995
15.2716
15.2679
15.3113
0.722049
0.712437
0.726433
0.721906
0.717295
0.713801
0.716503
0.720186
0.718247
0.717067
9.23467
9.28946
9.37069
9.32225
9.30335
9.30294
9.25464
9.26839
9.37723
9.33162
1.04198
1.03822
1.04503
1.04718
1.0465
1.05123
1.05136
1.03893
1.03834
1.04474
0.875605
0.879794
0.875909
0.933967
0.883065
0.889426
0.883099
0.883758
0.878242
0.877816