0.000196492
0.000187634
0.000232122
0.000187494
0.000192574
0.000188648
0.000206703
0.000187846
0.000190644
0.000187755
0.00016854
0.000171016
0.000184452
0.000171023
0.000169621
0.000173994
0.000166099
0.000171021
0.000169626
0.000170817
0.000175405
0.000166906
0.000170996
0.00017102
0.000214924
0.000172699
0.000207015
0.000165653
0.000165748
0.000170243
0.000188514
0.000187974
0.00018857
0.000210269
0.000189639
0.000190871
0.000189838
0.000205832
0.000183007
0.000187268
0.000186135
0.000193784
0.000193522
0.00018546
0.000190568
0.000189535
0.000189818
0.000212808
0.000188598
0.000189458
0.000200849
0.000171132
0.000173347
0.000172829
0.000190877
0.000173431
0.000172303
0.000173164
0.000170725
0.00017167
0.000190474
0.000191173
0.000194045
0.000194322
0.000188273
0.00019201
0.000193024
0.000217305
0.000191234
0.000192503
0.000184032
0.000170135
0.000167127
0.000170293
0.000165415
0.000171315
0.000166643
0.000170602
0.000168203
0.000185182
0.000182246
0.000226155
0.000184286
0.000188781
0.000190231
0.000194468
0.000189313
0.000189477
0.000214831
0.000185422
0.000216803
0.00016984
0.000171765
0.000164956
0.000171902
0.000167857
0.000172052
0.000170934
0.000167051
0.000171503