5, 0.000318, 0.000045, 1.000000, 0.000043, 1.333333
5, 0.000310, 0.000039, 1.000000, 0.000056, 1.333333
5, 0.000314, 0.000042, 1.000000, 0.000036, 1.333333
5, 0.000494, 0.000052, 1.000000, 0.000049, 1.333333
5, 0.000327, 0.000039, 1.000000, 0.000038, 1.333333
5, 0.000326, 0.000031, 1.000000, 0.000073, 1.333333
5, 0.000308, 0.000034, 1.000000, 0.000030, 1.333333
5, 0.000500, 0.000081, 1.000000, 0.000045, 1.333333
5, 0.000314, 0.000067, 1.000000, 0.000043, 1.333333
5, 0.000334, 0.000052, 1.000000, 0.000049, 1.333333
5, 0.000230, 0.000024, 1.000000, 0.000058, 2.000000
5, 0.000239, 0.000034, 1.000000, 0.000019, 2.000000
5, 0.000215, 0.000031, 1.000000, 0.000021, 2.000000
5, 0.000212, 0.000030, 1.000000, 0.000029, 2.000000
5, 0.000343, 0.000053, 1.000000, 0.000051, 2.000000
5, 0.000230, 0.000039, 1.000000, 0.000041, 2.000000
5, 0.000222, 0.000031, 1.000000, 0.000022, 2.000000
5, 0.000230, 0.000036, 1.000000, 0.000020, 2.000000
5, 0.000344, 0.000048, 1.000000, 0.000045, 2.000000
5, 0.000222, 0.000053, 1.000000, 0.000051, 2.000000
5, 0.000237, 0.000050, 1.000000, 0.000037, 2.000000
5, 0.000337, 0.000039, 1.000000, 0.000075, 2.000000
5, 0.000205, 0.000024, 1.000000, 0.000049, 2.000000
5, 0.000231, 0.000036, 1.000000, 0.000019, 2.000000
5, 0.000338, 0.000043, 1.000000, 0.000047, 2.000000
5, 0.000209, 0.000021, 1.000000, 0.000021, 2.000000
5, 0.000217, 0.000049, 1.000000, 0.000034, 2.000000
5, 0.000229, 0.000037, 1.000000, 0.000020, 2.000000
5, 0.000342, 0.000050, 1.000000, 0.000049, 2.000000
5, 0.000211, 0.000021, 1.000000, 0.000021, 2.000000
5, 0.000318, 0.000035, 1.000000, 0.000035, 1.333333
5, 0.000304, 0.000025, 1.000000, 0.000057, 1.333333
5, 0.000328, 0.000044, 1.000000, 0.000042, 1.333333
5, 0.000305, 0.000024, 1.000000, 0.000038, 1.333333
5, 0.000304, 0.000040, 1.000000, 0.000021, 1.333333
5, 0.000308, 0.000044, 1.000000, 0.000020, 1.333333
5, 0.000492, 0.000050, 1.000000, 0.000054, 1.333333
5, 0.000303, 0.000032, 1.000000, 0.000031, 1.333333
5, 0.000332, 0.000059, 1.000000, 0.000044, 1.333333
5, 0.000318, 0.000045, 1.000000, 0.000029, 1.333333
5, 0.000304, 0.000035, 1.000000, 0.000034, 1.333333
5, 0.000316, 0.000041, 1.000000, 0.000021, 1.333333
5, 0.000331, 0.000059, 1.000000, 0.000044, 1.333333
5, 0.000333, 0.000073, 1.000000, 0.000048, 1.333333
5, 0.000318, 0.000051, 1.000000, 0.000048, 1.333333
5, 0.000310, 0.000042, 1.000000, 0.000029, 1.333333
5, 0.000341, 0.000062, 1.000000, 0.000029, 1.333333
5, 0.000492, 0.000049, 1.000000, 0.000058, 1.333333
5, 0.000338, 0.000058, 1.000000, 0.000047, 1.333333
5, 0.000318, 0.000033, 1.000000, 0.000021, 1.333333
5, 0.000239, 0.000047, 1.000000, 0.000020, 2.000000
5, 0.000213, 0.000024, 1.000000, 0.000023, 2.000000
5, 0.000224, 0.000040, 1.000000, 0.000038, 2.000000
5, 0.000208, 0.000045, 1.000000, 0.000053, 2.000000
5, 0.000223, 0.000035, 1.000000, 0.000035, 2.000000
5, 0.000214, 0.000039, 1.000000, 0.000046, 2.000000
5, 0.000241, 0.000068, 1.000000, 0.000047, 2.000000
5, 0.000339, 0.000055, 1.000000, 0.000035, 2.000000
5, 0.000214, 0.000023, 1.000000, 0.000023, 2.000000
5, 0.000222, 0.000037, 1.000000, 0.000049, 2.000000
5, 0.000351, 0.000029, 1.000000, 0.000084, 1.333333
5, 0.000330, 0.000040, 1.000000, 0.000034, 1.333333
5, 0.000315, 0.000051, 1.000000, 0.000031, 1.333333
5, 0.000330, 0.000072, 1.000000, 0.000052, 1.333333
5, 0.000504, 0.000067, 1.000000, 0.000051, 1.333333
5, 0.000321, 0.000062, 1.000000, 0.000048, 1.333333
5, 0.000331, 0.000109, 1.000000, 0.000044, 1.333333
5, 0.000319, 0.000044, 1.000000, 0.000029, 1.333333
5, 0.000493, 0.000054, 1.000000, 0.000058, 1.333333
5, 0.000341, 0.000089, 1.000000, 0.000074, 1.333333
5, 0.000337, 0.000044, 1.000000, 0.000061, 2.000000
5, 0.000267, 0.000077, 1.000000, 0.000059, 2.000000
5, 0.000229, 0.000084, 1.000000, 0.000057, 2.000000
5, 0.000217, 0.000024, 1.000000, 0.000046, 2.000000
5, 0.000226, 0.000040, 1.000000, 0.000038, 2.000000
5, 0.000221, 0.000044, 1.000000, 0.000052, 2.000000
5, 0.000239, 0.000058, 1.000000, 0.000067, 2.000000
5, 0.000362, 0.000025, 1.000000, 0.000053, 2.000000
5, 0.000207, 0.000020, 1.000000, 0.000022, 2.000000
5, 0.000227, 0.000022, 1.000000, 0.000069, 2.000000
5, 0.000334, 0.000024, 1.000000, 0.000079, 1.333333
5, 0.000311, 0.000024, 1.000000, 0.000043, 1.333333
5, 0.000587, 0.000134, 1.000000, 0.000113, 1.333333
5, 0.000310, 0.000034, 1.000000, 0.000032, 1.333333
5, 0.000308, 0.000035, 1.000000, 0.000020, 1.333333
5, 0.000312, 0.000028, 1.000000, 0.000032, 1.333333
5, 0.000322, 0.000040, 1.000000, 0.000021, 1.333333
5, 0.000337, 0.000054, 1.000000, 0.000042, 1.333333
5, 0.000329, 0.000078, 1.000000, 0.000054, 1.333333
5, 0.000322, 0.000043, 1.000000, 0.000033, 1.333333
5, 0.000209, 0.000035, 1.000000, 0.000031, 2.000000
5, 0.000217, 0.000024, 1.000000, 0.000022, 2.000000
5, 0.000236, 0.000069, 1.000000, 0.000052, 2.000000
5, 0.000335, 0.000051, 1.000000, 0.000049, 2.000000
5, 0.000233, 0.000028, 1.000000, 0.000020, 2.000000
5, 0.000203, 0.000030, 1.000000, 0.000023, 2.000000
5, 0.000219, 0.000033, 1.000000, 0.000031, 2.000000
5, 0.000338, 0.000049, 1.000000, 0.000048, 2.000000
5, 0.000225, 0.000035, 1.000000, 0.000020, 2.000000
5, 0.000224, 0.000038, 1.000000, 0.000059, 2.000000
