35, 0.096041, 0.000266, 1.055556, 0.000372, 1.444444
35, 0.096553, 0.000263, 1.055556, 0.000371, 1.444444
35, 0.096752, 0.000271, 1.055556, 0.000370, 1.444444
35, 0.094598, 0.000284, 1.055556, 0.000365, 1.444444
35, 0.094539, 0.000268, 1.055556, 0.000367, 1.444444
35, 0.093503, 0.000265, 1.055556, 0.000345, 1.444444
35, 0.095463, 0.000272, 1.055556, 0.000369, 1.444444
35, 0.095289, 0.000263, 1.055556, 0.000349, 1.444444
35, 0.097253, 0.000280, 1.055556, 0.000387, 1.444444
35, 0.091718, 0.000266, 1.055556, 0.000360, 1.444444
35, 0.098376, 0.000248, 1.058824, 0.000360, 1.647059
35, 0.092711, 0.000257, 1.058824, 0.000371, 1.647059
35, 0.099778, 0.000267, 1.058824, 0.000403, 1.647059
35, 0.100731, 0.000248, 1.058824, 0.000396, 1.647059
35, 0.098815, 0.000254, 1.058824, 0.000398, 1.647059
35, 0.099252, 0.000265, 1.058824, 0.000394, 1.647059
35, 0.092556, 0.000262, 1.058824, 0.000366, 1.647059
35, 0.098368, 0.000257, 1.058824, 0.000383, 1.647059
35, 0.096141, 0.000245, 1.058824, 0.000388, 1.647059
35, 0.099038, 0.000268, 1.058824, 0.000419, 1.647059
35, 0.106904, 0.000247, 1.058824, 0.000396, 1.647059
35, 0.107629, 0.000260, 1.058824, 0.000397, 1.647059
35, 0.108394, 0.000257, 1.058824, 0.000394, 1.647059
35, 0.153527, 0.000225, 1.058824, 0.000300, 1.647059
35, 0.131231, 0.000235, 1.058824, 0.000594, 1.647059
35, 0.099301, 0.000254, 1.058824, 0.000357, 1.647059
35, 0.110580, 0.000261, 1.058824, 0.000391, 1.647059
35, 0.104237, 0.000236, 1.058824, 0.000350, 1.647059
35, 0.107862, 0.000237, 1.058824, 0.000356, 1.647059
35, 0.110684, 0.000260, 1.058824, 0.000369, 1.647059
35, 0.152515, 0.000274, 1.117647, 0.000360, 1.647059
35, 0.151820, 0.000267, 1.117647, 0.000397, 1.647059
35, 0.151723, 0.000262, 1.117647, 0.000385, 1.647059
35, 0.147825, 0.000276, 1.117647, 0.000355, 1.647059
35, 0.154718, 0.000265, 1.117647, 0.000398, 1.647059
35, 0.152640, 0.000271, 1.117647, 0.000361, 1.647059
35, 0.150333, 0.000280, 1.117647, 0.000388, 1.647059
35, 0.153529, 0.000278, 1.117647, 0.000380, 1.647059
35, 0.153071, 0.000275, 1.117647, 0.000394, 1.647059
35, 0.147781, 0.000259, 1.117647, 0.000366, 1.647059
35, 0.102053, 0.000275, 1.000000, 0.000409, 1.647059
35, 0.101454, 0.000260, 1.000000, 0.000388, 1.647059
35, 0.102886, 0.000252, 1.000000, 0.000394, 1.647059
35, 0.101489, 0.000243, 1.000000, 0.000444, 1.647059
35, 0.102603, 0.000469, 1.000000, 0.000386, 1.647059
35, 0.101337, 0.000275, 1.000000, 0.000405, 1.647059
35, 0.103923, 0.000258, 1.000000, 0.000394, 1.647059
35, 0.101042, 0.000250, 1.000000, 0.000386, 1.647059
35, 0.101692, 0.000259, 1.000000, 0.000414, 1.647059
35, 0.101664, 0.000239, 1.000000, 0.000409, 1.647059
35, 0.123031, 0.000240, 1.000000, 0.000417, 1.764706
35, 0.123786, 0.000248, 1.000000, 0.000408, 1.764706
35, 0.123169, 0.000244, 1.000000, 0.000401, 1.764706
35, 0.124260, 0.000246, 1.000000, 0.000404, 1.764706
35, 0.124393, 0.000242, 1.000000, 0.000386, 1.764706
35, 0.124355, 0.000243, 1.000000, 0.000400, 1.764706
35, 0.123480, 0.000248, 1.000000, 0.000407, 1.764706
35, 0.125484, 0.000243, 1.000000, 0.000399, 1.764706
35, 0.127787, 0.000310, 1.000000, 0.000462, 1.764706
35, 0.122473, 0.000234, 1.000000, 0.000417, 1.764706
35, 0.166237, 0.000264, 1.000000, 0.000416, 1.666667
35, 0.205489, 0.000241, 1.000000, 0.000648, 1.666667
35, 0.168800, 0.000271, 1.000000, 0.000442, 1.666667
35, 0.165873, 0.000256, 1.000000, 0.000415, 1.666667
35, 0.167668, 0.000257, 1.000000, 0.000414, 1.666667
35, 0.168183, 0.000227, 1.000000, 0.000382, 1.666667
35, 0.162200, 0.000245, 1.000000, 0.000384, 1.666667
35, 0.168489, 0.000252, 1.000000, 0.000411, 1.666667
35, 0.167994, 0.000243, 1.000000, 0.000385, 1.666667
35, 0.168096, 0.000400, 1.000000, 0.000422, 1.666667
35, 0.138410, 0.000240, 1.055556, 0.000367, 1.555556
35, 0.147853, 0.000269, 1.055556, 0.000428, 1.555556
35, 0.147736, 0.000263, 1.055556, 0.000392, 1.555556
35, 0.146300, 0.000293, 1.055556, 0.000392, 1.555556
35, 0.146735, 0.000291, 1.055556, 0.000381, 1.555556
35, 0.146942, 0.000267, 1.055556, 0.000396, 1.555556
35, 0.147125, 0.000288, 1.055556, 0.000391, 1.555556
35, 0.146899, 0.000261, 1.055556, 0.000390, 1.555556
35, 0.146719, 0.000261, 1.055556, 0.000395, 1.555556
35, 0.152001, 0.000267, 1.055556, 0.000364, 1.555556
35, 0.080597, 0.000260, 1.000000, 0.000385, 1.555556
35, 0.078416, 0.000260, 1.000000, 0.000379, 1.555556
35, 0.081962, 0.000251, 1.000000, 0.000388, 1.555556
35, 0.078397, 0.000279, 1.000000, 0.000391, 1.555556
35, 0.081470, 0.000248, 1.000000, 0.000382, 1.555556
35, 0.082831, 0.000248, 1.000000, 0.000347, 1.555556
35, 0.082113, 0.000260, 1.000000, 0.000363, 1.555556
35, 0.080582, 0.000246, 1.000000, 0.000383, 1.555556
35, 0.080656, 0.000252, 1.000000, 0.000402, 1.555556
35, 0.085615, 0.000253, 1.000000, 0.000351, 1.555556
35, 0.055897, 0.000235, 1.000000, 0.000317, 1.466667
35, 0.053854, 0.000232, 1.000000, 0.000304, 1.466667
35, 0.055977, 0.000216, 1.000000, 0.000323, 1.466667
35, 0.055914, 0.000221, 1.000000, 0.000279, 1.466667
35, 0.055178, 0.000196, 1.000000, 0.000299, 1.466667
35, 0.046483, 0.000225, 1.000000, 0.000281, 1.466667
35, 0.055808, 0.000239, 1.000000, 0.000300, 1.466667
35, 0.056177, 0.000222, 1.000000, 0.000336, 1.466667
35, 0.055708, 0.000225, 1.000000, 0.000301, 1.466667
35, 0.073116, 0.000262, 1.000000, 0.000302, 1.466667
