45, 0.619273, 0.000390, 1.090909, 0.000528, 1.454545
45, 0.625725, 0.000382, 1.090909, 0.000515, 1.454545
45, 0.619303, 0.000382, 1.090909, 0.000519, 1.454545
45, 0.616450, 0.000407, 1.090909, 0.000499, 1.454545
45, 0.648300, 0.000365, 1.090909, 0.000510, 1.454545
45, 0.617882, 0.000408, 1.090909, 0.000526, 1.454545
45, 0.637243, 0.000396, 1.090909, 0.000493, 1.454545
45, 0.618581, 0.000395, 1.090909, 0.000494, 1.454545
45, 0.617803, 0.000374, 1.090909, 0.000497, 1.454545
45, 0.619609, 0.000405, 1.090909, 0.000530, 1.454545
45, 0.320233, 0.000378, 1.047619, 0.000546, 1.714286
45, 0.313520, 0.000388, 1.047619, 0.000939, 1.714286
45, 0.311991, 0.000374, 1.047619, 0.000552, 1.714286
45, 0.319970, 0.000357, 1.047619, 0.000552, 1.714286
45, 0.312550, 0.000357, 1.047619, 0.000556, 1.714286
45, 0.314371, 0.000384, 1.047619, 0.000594, 1.714286
45, 0.318403, 0.000363, 1.047619, 0.000565, 1.714286
45, 0.314095, 0.000373, 1.047619, 0.000558, 1.714286
45, 0.321558, 0.000372, 1.047619, 0.000618, 1.714286
45, 0.321571, 0.000352, 1.047619, 0.000572, 1.714286
45, 0.427334, 0.000361, 1.000000, 0.000555, 1.636364
45, 0.367603, 0.000358, 1.000000, 0.000539, 1.636364
45, 0.363003, 0.000365, 1.000000, 0.000578, 1.636364
45, 0.357003, 0.000379, 1.000000, 0.000896, 1.636364
45, 0.353875, 0.000360, 1.000000, 0.000580, 1.636364
45, 0.353933, 0.000373, 1.000000, 0.000546, 1.636364
45, 0.357766, 0.000355, 1.000000, 0.000577, 1.636364
45, 0.352705, 0.000354, 1.000000, 0.000551, 1.636364
45, 0.357578, 0.000352, 1.000000, 0.000542, 1.636364
45, 0.356089, 0.000361, 1.000000, 0.000591, 1.636364
45, 0.278665, 0.000368, 1.047619, 0.000607, 1.714286
45, 0.281378, 0.000390, 1.047619, 0.000614, 1.714286
45, 0.277197, 0.000372, 1.047619, 0.000592, 1.714286
45, 0.275577, 0.000376, 1.047619, 0.000568, 1.714286
45, 0.275542, 0.000374, 1.047619, 0.000570, 1.714286
45, 0.275143, 0.000375, 1.047619, 0.000559, 1.714286
45, 0.274791, 0.000352, 1.047619, 0.000561, 1.714286
45, 0.279944, 0.000373, 1.047619, 0.000576, 1.714286
45, 0.281133, 0.000370, 1.047619, 0.000592, 1.714286
45, 0.276551, 0.000351, 1.047619, 0.000583, 1.714286
45, 0.479370, 0.000379, 1.000000, 0.000561, 1.545455
45, 0.481003, 0.000343, 1.000000, 0.000531, 1.545455
45, 0.476180, 0.000363, 1.000000, 0.000553, 1.545455
45, 0.480340, 0.000382, 1.000000, 0.000523, 1.545455
45, 0.482368, 0.000364, 1.000000, 0.000547, 1.545455
45, 0.479549, 0.000373, 1.000000, 0.000548, 1.545455
45, 0.474504, 0.000355, 1.000000, 0.000524, 1.545455
45, 0.474970, 0.000357, 1.000000, 0.000520, 1.545455
45, 0.476591, 0.000365, 1.000000, 0.000523, 1.545455
45, 0.477247, 0.000373, 1.000000, 0.000549, 1.545455
45, 0.256499, 0.000350, 1.000000, 0.000539, 1.523810
45, 0.382976, 0.000262, 1.000000, 0.000492, 1.523810
45, 0.250524, 0.000370, 1.000000, 0.000506, 1.523810
45, 0.256582, 0.000362, 1.000000, 0.000519, 1.523810
45, 0.253817, 0.000323, 1.000000, 0.000500, 1.523810
45, 0.258427, 0.000346, 1.000000, 0.000518, 1.523810
45, 0.253990, 0.000351, 1.000000, 0.000497, 1.523810
45, 0.254894, 0.000375, 1.000000, 0.000498, 1.523810
45, 0.254426, 0.000343, 1.000000, 0.000492, 1.523810
45, 0.258873, 0.000344, 1.000000, 0.000525, 1.523810
45, 0.721092, 0.000392, 1.000000, 0.000569, 1.652174
45, 0.716045, 0.000394, 1.000000, 0.000571, 1.652174
45, 0.721473, 0.000366, 1.000000, 0.000616, 1.652174
45, 0.718662, 0.000373, 1.000000, 0.000596, 1.652174
45, 0.723651, 0.000366, 1.000000, 0.000575, 1.652174
45, 0.711498, 0.000393, 1.000000, 0.000582, 1.652174
45, 0.721856, 0.000416, 1.000000, 0.000623, 1.652174
45, 0.720997, 0.000371, 1.000000, 0.000619, 1.652174
45, 0.715608, 0.000371, 1.000000, 0.000578, 1.652174
45, 0.714947, 0.000373, 1.000000, 0.000582, 1.652174
45, 0.154929, 0.000337, 1.000000, 0.000449, 1.578947
45, 0.155518, 0.000339, 1.000000, 0.000467, 1.578947
45, 0.157900, 0.000334, 1.000000, 0.000484, 1.578947
45, 0.158475, 0.000332, 1.000000, 0.000482, 1.578947
45, 0.159154, 0.000342, 1.000000, 0.000497, 1.578947
45, 0.156329, 0.000341, 1.000000, 0.000496, 1.578947
45, 0.160953, 0.000329, 1.000000, 0.000498, 1.578947
45, 0.159680, 0.000327, 1.000000, 0.000484, 1.578947
45, 0.164807, 0.000314, 1.000000, 0.000502, 1.578947
45, 0.162602, 0.000326, 1.000000, 0.000487, 1.578947
45, 0.812994, 0.000364, 1.043478, 0.000552, 1.565217
45, 0.814492, 0.000380, 1.043478, 0.000564, 1.565217
45, 0.807563, 0.000394, 1.043478, 0.000594, 1.565217
45, 0.809898, 0.000441, 1.043478, 0.000595, 1.565217
45, 0.813354, 0.000401, 1.043478, 0.000587, 1.565217
45, 0.808801, 0.000403, 1.043478, 0.000594, 1.565217
45, 0.810221, 0.000388, 1.043478, 0.000589, 1.565217
45, 0.822958, 0.000396, 1.043478, 0.000621, 1.565217
45, 0.810464, 0.000403, 1.043478, 0.000598, 1.565217
45, 0.814107, 0.000393, 1.043478, 0.000589, 1.565217
45, 0.182225, 0.000336, 1.000000, 0.000542, 1.600000
45, 0.180940, 0.000359, 1.000000, 0.000559, 1.600000
45, 0.177801, 0.000329, 1.000000, 0.000528, 1.600000
45, 0.181872, 0.000331, 1.000000, 0.000522, 1.600000
45, 0.177784, 0.000337, 1.000000, 0.000521, 1.600000
45, 0.181357, 0.000335, 1.000000, 0.000875, 1.600000
45, 0.181455, 0.000331, 1.000000, 0.000542, 1.600000
45, 0.184771, 0.000335, 1.000000, 0.000529, 1.600000
45, 0.177374, 0.000506, 1.000000, 0.000524, 1.600000
45, 0.181459, 0.000332, 1.000000, 0.000525, 1.600000
