40, 0.200939, 0.000289, 1.000000, 0.000473, 1.684211
40, 0.197462, 0.000291, 1.000000, 0.000455, 1.684211
40, 0.198822, 0.000306, 1.000000, 0.000467, 1.684211
40, 0.201775, 0.000287, 1.000000, 0.000488, 1.684211
40, 0.197748, 0.000281, 1.000000, 0.000465, 1.684211
40, 0.198218, 0.000286, 1.000000, 0.000488, 1.684211
40, 0.203509, 0.000298, 1.000000, 0.000456, 1.684211
40, 0.202624, 0.000294, 1.000000, 0.000469, 1.684211
40, 0.202626, 0.000295, 1.000000, 0.000481, 1.684211
40, 0.199822, 0.000282, 1.000000, 0.000497, 1.684211
40, 0.279585, 0.000335, 1.050000, 0.000468, 1.500000
40, 0.298755, 0.000309, 1.050000, 0.000452, 1.500000
40, 0.276420, 0.000293, 1.050000, 0.000438, 1.500000
40, 0.279616, 0.000319, 1.050000, 0.000447, 1.500000
40, 0.278637, 0.000325, 1.050000, 0.000456, 1.500000
40, 0.281608, 0.000346, 1.050000, 0.000460, 1.500000
40, 0.279484, 0.000330, 1.050000, 0.000444, 1.500000
40, 0.281223, 0.000319, 1.050000, 0.000453, 1.500000
40, 0.280313, 0.000317, 1.050000, 0.000456, 1.500000
40, 0.274168, 0.000318, 1.050000, 0.000446, 1.500000
40, 0.236989, 0.000324, 1.050000, 0.000503, 1.600000
40, 0.236789, 0.000323, 1.050000, 0.000480, 1.600000
40, 0.236752, 0.000325, 1.050000, 0.000484, 1.600000
40, 0.236312, 0.000321, 1.050000, 0.000488, 1.600000
40, 0.238205, 0.000328, 1.050000, 0.000490, 1.600000
40, 0.236145, 0.000325, 1.050000, 0.000475, 1.600000
40, 0.237790, 0.000318, 1.050000, 0.000458, 1.600000
40, 0.237812, 0.000335, 1.050000, 0.000462, 1.600000
40, 0.234396, 0.000328, 1.050000, 0.000486, 1.600000
40, 0.236891, 0.000319, 1.050000, 0.000480, 1.600000
40, 0.245691, 0.000303, 1.050000, 0.000511, 1.700000
40, 0.248806, 0.000314, 1.050000, 0.000520, 1.700000
40, 0.246789, 0.000320, 1.050000, 0.000520, 1.700000
40, 0.246745, 0.000318, 1.050000, 0.000494, 1.700000
40, 0.246042, 0.000357, 1.050000, 0.000499, 1.700000
40, 0.247322, 0.000310, 1.050000, 0.000477, 1.700000
40, 0.246314, 0.000336, 1.050000, 0.000494, 1.700000
40, 0.245957, 0.000307, 1.050000, 0.000506, 1.700000
40, 0.244950, 0.000320, 1.050000, 0.000482, 1.700000
40, 0.246770, 0.000317, 1.050000, 0.000491, 1.700000
40, 0.125268, 0.000293, 1.055556, 0.000469, 1.777778
40, 0.121604, 0.000312, 1.055556, 0.000446, 1.777778
40, 0.119912, 0.000312, 1.055556, 0.000458, 1.777778
40, 0.124740, 0.000293, 1.055556, 0.000511, 1.777778
40, 0.126089, 0.000300, 1.055556, 0.000466, 1.777778
40, 0.126215, 0.000310, 1.055556, 0.000496, 1.777778
40, 0.120506, 0.000311, 1.055556, 0.000458, 1.777778
40, 0.121437, 0.000318, 1.055556, 0.000493, 1.777778
40, 0.122167, 0.000287, 1.055556, 0.000458, 1.777778
40, 0.122434, 0.000297, 1.055556, 0.000470, 1.777778
40, 0.137506, 0.000304, 1.052632, 0.000500, 1.789474
40, 0.136938, 0.000299, 1.052632, 0.000507, 1.789474
40, 0.136809, 0.000292, 1.052632, 0.000489, 1.789474
40, 0.139227, 0.000314, 1.052632, 0.000504, 1.789474
40, 0.138283, 0.000280, 1.052632, 0.000488, 1.789474
40, 0.134148, 0.000319, 1.052632, 0.000497, 1.789474
40, 0.138734, 0.000296, 1.052632, 0.000503, 1.789474
40, 0.134652, 0.000330, 1.052632, 0.000493, 1.789474
40, 0.136984, 0.000338, 1.052632, 0.000521, 1.789474
40, 0.138732, 0.000298, 1.052632, 0.000512, 1.789474
40, 0.280908, 0.000337, 1.050000, 0.000492, 1.700000
40, 0.281439, 0.000316, 1.050000, 0.000487, 1.700000
40, 0.282446, 0.000317, 1.050000, 0.000497, 1.700000
40, 0.276509, 0.000307, 1.050000, 0.000487, 1.700000
40, 0.277979, 0.000329, 1.050000, 0.000489, 1.700000
40, 0.277741, 0.000370, 1.050000, 0.000481, 1.700000
40, 0.276689, 0.000341, 1.050000, 0.000474, 1.700000
40, 0.276658, 0.000336, 1.050000, 0.000509, 1.700000
40, 0.281139, 0.000294, 1.050000, 0.000484, 1.700000
40, 0.279577, 0.000345, 1.050000, 0.000506, 1.700000
40, 0.197549, 0.000316, 1.052632, 0.000437, 1.578947
40, 0.196922, 0.000331, 1.052632, 0.000428, 1.578947
40, 0.199386, 0.000307, 1.052632, 0.000443, 1.578947
40, 0.197309, 0.000299, 1.052632, 0.000450, 1.578947
40, 0.199316, 0.000338, 1.052632, 0.000446, 1.578947
40, 0.201564, 0.000295, 1.052632, 0.000451, 1.578947
40, 0.196425, 0.000292, 1.052632, 0.000434, 1.578947
40, 0.202422, 0.000314, 1.052632, 0.000451, 1.578947
40, 0.201194, 0.000308, 1.052632, 0.000438, 1.578947
40, 0.199359, 0.000334, 1.052632, 0.000457, 1.578947
40, 0.257604, 0.000313, 1.050000, 0.000453, 1.600000
40, 0.260626, 0.000319, 1.050000, 0.000466, 1.600000
40, 0.258215, 0.000298, 1.050000, 0.000457, 1.600000
40, 0.255906, 0.000333, 1.050000, 0.000468, 1.600000
40, 0.256285, 0.000310, 1.050000, 0.000480, 1.600000
40, 0.254048, 0.000304, 1.050000, 0.000458, 1.600000
40, 0.265727, 0.000289, 1.050000, 0.000459, 1.600000
40, 0.258952, 0.000320, 1.050000, 0.000486, 1.600000
40, 0.251451, 0.000352, 1.050000, 0.000487, 1.600000
40, 0.259670, 0.000350, 1.050000, 0.000457, 1.600000
40, 0.100228, 0.000285, 1.000000, 0.000432, 1.764706
40, 0.102117, 0.000270, 1.000000, 0.000436, 1.764706
40, 0.105219, 0.000269, 1.000000, 0.000458, 1.764706
40, 0.103660, 0.000276, 1.000000, 0.000465, 1.764706
40, 0.103286, 0.000280, 1.000000, 0.000758, 1.764706
40, 0.106035, 0.000280, 1.000000, 0.000474, 1.764706
40, 0.106503, 0.000291, 1.000000, 0.000472, 1.764706
40, 0.103897, 0.000269, 1.000000, 0.000429, 1.764706
40, 0.104278, 0.000281, 1.000000, 0.000475, 1.764706
40, 0.101952, 0.000287, 1.000000, 0.000455, 1.764706
