50, 0.000421,25, 0.000601, 40
75, 0.000445,37, 0.000742, 60
100, 0.000779,50, 0.001222, 76
125, 0.001154,59, 0.002038, 104
150, 0.001730,76, 0.002690, 116
175, 0.002286,86, 0.003694, 140
200, 0.002798,92, 0.004290, 144
225, 0.003754,111, 0.006036, 178
250, 0.004665,124, 0.007147, 194
275, 0.005264,128, 0.008505, 206
300, 0.006757,150, 0.010946, 248
325, 0.007785,160, 0.012261, 254
350, 0.008866,170, 0.013903, 272
375, 0.009827,176, 0.015307, 278
400, 0.011875,199, 0.018757, 320
425, 0.012924,205, 0.020416, 330
450, 0.015416,230, 0.023417, 356
475, 0.016646,236, 0.025374, 372
500, 0.017923,242, 0.028893, 402
525, 0.020298,260, 0.030581, 402
550, 0.022479,276, 0.033816, 426
575, 0.023997,281, 0.037040, 446
600, 0.025957,292, 0.040437, 464
625, 0.027792,300, 0.043479, 482
650, 0.031319,325, 0.046921, 504
675, 0.032482,325, 0.050333, 518
700, 0.035670,343, 0.056172, 556
725, 0.038748,361, 0.058653, 558
750, 0.040388,364, 0.061440, 572
775, 0.043927,383, 0.067892, 608
800, 0.046905,396, 0.071931, 624
825, 0.049279,404, 0.074406, 628
850, 0.052284,416, 0.080190, 656
875, 0.054385,421, 0.084891, 676
900, 0.059456,447, 0.089320, 694
925, 0.060957,446, 0.092787, 702
950, 0.063686,454, 0.099259, 732
975, 0.069032,480, 0.107899, 774
1000, 0.074524,504, 0.110682, 778
1025, 0.076744,507, 0.119545, 820
1050, 0.079797,515, 0.121883, 814
1075, 0.084819,534, 0.129256, 846
1100, 0.085755,529, 0.134023, 856
1125, 0.091976,554, 0.142322, 888
1150, 0.097077,569, 0.147473, 900
1175, 0.099926,576, 0.151632, 908
1200, 0.105917,596, 0.161309, 938
1225, 0.109681,605, 0.167466, 950
1250, 0.113610,614, 0.174780, 980
1275, 0.118398,629, 0.180286, 994
1300, 0.120542,628, 0.190425, 1026
1325, 0.128535,656, 0.197167, 1038
1350, 0.132668,664, 0.199117, 1028
1375, 0.137939,678, 0.214013, 1084
1400, 0.142205,688, 0.218637, 1090
1425, 0.147834,700, 0.224815, 1106
1450, 0.153233,715, 0.233734, 1132
1475, 0.161362,740, 0.244808, 1162
1500, 0.165815,748, 0.247702, 1160
1525, 0.167822,746, 0.255970, 1176
1550, 0.173087,756, 0.265100, 1198
1575, 0.181659,779, 0.279602, 1240
1600, 0.185076,782, 0.281448, 1230
1625, 0.190474,793, 0.292950, 1262
1650, 0.197210,810, 0.299563, 1276
1675, 0.201479,815, 0.308171, 1294
1700, 0.212593,847, 0.325208, 1348
1725, 0.217645,855, 0.325200, 1322
1750, 0.221602,857, 0.338468, 1358
1775, 0.227279,867, 0.348331, 1380
1800, 0.237744,892, 0.354995, 1390
1825, 0.245607,910, 0.375862, 1440
1850, 0.252456,923, 0.381173, 1440
1875, 0.253439,914, 0.389003, 1454
1900, 0.264838,943, 0.407758, 1504
1925, 0.268253,945, 0.408033, 1488
1950, 0.276859,961, 0.418117, 1502
1975, 0.279673,960, 0.427360, 1518
2000, 0.288250,977, 0.441131, 1546