25, 0.024339, 0.000145, 1.000000, 0.000244, 1.833333
25, 0.025588, 0.000151, 1.000000, 0.000376, 1.833333
25, 0.026091, 0.000142, 1.000000, 0.000220, 1.833333
25, 0.025440, 0.000132, 1.000000, 0.000252, 1.833333
25, 0.024239, 0.000146, 1.000000, 0.000258, 1.833333
25, 0.025507, 0.000151, 1.000000, 0.000246, 1.833333
25, 0.025344, 0.000145, 1.000000, 0.000236, 1.833333
25, 0.024045, 0.000136, 1.000000, 0.000219, 1.833333
25, 0.023765, 0.000171, 1.000000, 0.000230, 1.833333
25, 0.025032, 0.000134, 1.000000, 0.000237, 1.833333
25, 0.015823, 0.000139, 1.090909, 0.000186, 1.636364
25, 0.019641, 0.000145, 1.090909, 0.000196, 1.636364
25, 0.021330, 0.000141, 1.090909, 0.000213, 1.636364
25, 0.022424, 0.000152, 1.090909, 0.000209, 1.636364
25, 0.019992, 0.000131, 1.090909, 0.000190, 1.636364
25, 0.020735, 0.000140, 1.090909, 0.000203, 1.636364
25, 0.019867, 0.000148, 1.090909, 0.000181, 1.636364
25, 0.019643, 0.000124, 1.090909, 0.000182, 1.636364
25, 0.019841, 0.000120, 1.090909, 0.000180, 1.636364
25, 0.022609, 0.000135, 1.090909, 0.000182, 1.636364
25, 0.035653, 0.000161, 1.000000, 0.000251, 1.692308
25, 0.035887, 0.000167, 1.000000, 0.000254, 1.692308
25, 0.038184, 0.000163, 1.000000, 0.000241, 1.692308
25, 0.038498, 0.000162, 1.000000, 0.000255, 1.692308
25, 0.038591, 0.000159, 1.000000, 0.000247, 1.692308
25, 0.045158, 0.000130, 1.000000, 0.000236, 1.692308
25, 0.039172, 0.000170, 1.000000, 0.000262, 1.692308
25, 0.035928, 0.000150, 1.000000, 0.000241, 1.692308
25, 0.032454, 0.000171, 1.000000, 0.000226, 1.692308
25, 0.037919, 0.000163, 1.000000, 0.000250, 1.692308
25, 0.035279, 0.000147, 1.000000, 0.000218, 1.538462
25, 0.035296, 0.000179, 1.000000, 0.000248, 1.538462
25, 0.033172, 0.000157, 1.000000, 0.000218, 1.538462
25, 0.038981, 0.000152, 1.000000, 0.000203, 1.538462
25, 0.031126, 0.000166, 1.000000, 0.000236, 1.538462
25, 0.034132, 0.000153, 1.000000, 0.000217, 1.538462
25, 0.034925, 0.000141, 1.000000, 0.000207, 1.538462
25, 0.031904, 0.000179, 1.000000, 0.000244, 1.538462
25, 0.034601, 0.000135, 1.000000, 0.000208, 1.538462
25, 0.032091, 0.000158, 1.000000, 0.000228, 1.538462
25, 0.023688, 0.000155, 1.000000, 0.000223, 1.500000
25, 0.027227, 0.000158, 1.000000, 0.000206, 1.500000
25, 0.027784, 0.000142, 1.000000, 0.000190, 1.500000
25, 0.027364, 0.000147, 1.000000, 0.000181, 1.500000
25, 0.027214, 0.000141, 1.000000, 0.000194, 1.500000
25, 0.027366, 0.000126, 1.000000, 0.000185, 1.500000
25, 0.027819, 0.000125, 1.000000, 0.000185, 1.500000
25, 0.026408, 0.000151, 1.000000, 0.000214, 1.500000
25, 0.024994, 0.000162, 1.000000, 0.000191, 1.500000
25, 0.025054, 0.000153, 1.000000, 0.000216, 1.500000
25, 0.031211, 0.000145, 1.000000, 0.000203, 1.384615
25, 0.034526, 0.000154, 1.000000, 0.000192, 1.384615
25, 0.034512, 0.000133, 1.000000, 0.000349, 1.384615
25, 0.027611, 0.000158, 1.000000, 0.000232, 1.384615
25, 0.024507, 0.000171, 1.000000, 0.000192, 1.384615
25, 0.034501, 0.000143, 1.000000, 0.000200, 1.384615
25, 0.030168, 0.000186, 1.000000, 0.000213, 1.384615
25, 0.027669, 0.000154, 1.000000, 0.000201, 1.384615
25, 0.034474, 0.000163, 1.000000, 0.000183, 1.384615
25, 0.027786, 0.000176, 1.000000, 0.000212, 1.384615
25, 0.020982, 0.000176, 1.181818, 0.000225, 1.636364
25, 0.023519, 0.000162, 1.181818, 0.000209, 1.636364
25, 0.022218, 0.000169, 1.181818, 0.000227, 1.636364
25, 0.021856, 0.000161, 1.181818, 0.000189, 1.636364
25, 0.023349, 0.000163, 1.181818, 0.000196, 1.636364
25, 0.018722, 0.000144, 1.181818, 0.000184, 1.636364
25, 0.021647, 0.000155, 1.181818, 0.000209, 1.636364
25, 0.022596, 0.000167, 1.181818, 0.000199, 1.636364
25, 0.021758, 0.000155, 1.181818, 0.000189, 1.636364
25, 0.022424, 0.000211, 1.181818, 0.000224, 1.636364
25, 0.028124, 0.000179, 1.250000, 0.000222, 1.666667
25, 0.032774, 0.000162, 1.250000, 0.000224, 1.666667
25, 0.032923, 0.000146, 1.250000, 0.000342, 1.666667
25, 0.032846, 0.000148, 1.250000, 0.000203, 1.666667
25, 0.028409, 0.000173, 1.250000, 0.000215, 1.666667
25, 0.028634, 0.000161, 1.250000, 0.000200, 1.666667
25, 0.028923, 0.000169, 1.250000, 0.000225, 1.666667
25, 0.032882, 0.000166, 1.250000, 0.000214, 1.666667
25, 0.029736, 0.000171, 1.250000, 0.000217, 1.666667
25, 0.032627, 0.000182, 1.250000, 0.000202, 1.666667
25, 0.021703, 0.000166, 1.000000, 0.000230, 1.636364
25, 0.019567, 0.000150, 1.000000, 0.000203, 1.636364
25, 0.019630, 0.000139, 1.000000, 0.000212, 1.636364
25, 0.019741, 0.000145, 1.000000, 0.000221, 1.636364
25, 0.020248, 0.000119, 1.000000, 0.000188, 1.636364
25, 0.018219, 0.000141, 1.000000, 0.000209, 1.636364
25, 0.019031, 0.000149, 1.000000, 0.000221, 1.636364
25, 0.019666, 0.000148, 1.000000, 0.000231, 1.636364
25, 0.020243, 0.000144, 1.000000, 0.000210, 1.636364
25, 0.022443, 0.000133, 1.000000, 0.000214, 1.636364
25, 0.026450, 0.000161, 1.083333, 0.000250, 1.833333
25, 0.025392, 0.000187, 1.083333, 0.000251, 1.833333
25, 0.021539, 0.000156, 1.083333, 0.000225, 1.833333
25, 0.026408, 0.000148, 1.083333, 0.000236, 1.833333
25, 0.026431, 0.000134, 1.083333, 0.000230, 1.833333
25, 0.025966, 0.000175, 1.083333, 0.000247, 1.833333
25, 0.026394, 0.000143, 1.083333, 0.000248, 1.833333
25, 0.025857, 0.000167, 1.083333, 0.000237, 1.833333
25, 0.026370, 0.000145, 1.083333, 0.000226, 1.833333
25, 0.024621, 0.000150, 1.083333, 0.000253, 1.833333
