30, 0.042845, 0.000249, 1.071429, 0.000285, 1.428571
30, 0.044806, 0.000208, 1.071429, 0.000270, 1.428571
30, 0.040838, 0.000208, 1.071429, 0.000283, 1.428571
30, 0.042055, 0.000216, 1.071429, 0.000248, 1.428571
30, 0.057149, 0.000204, 1.071429, 0.000256, 1.428571
30, 0.046217, 0.000200, 1.071429, 0.000248, 1.428571
30, 0.045445, 0.000210, 1.071429, 0.000256, 1.428571
30, 0.048368, 0.000205, 1.071429, 0.000265, 1.428571
30, 0.045703, 0.000202, 1.071429, 0.000273, 1.428571
30, 0.057113, 0.000195, 1.071429, 0.000264, 1.428571
30, 0.070326, 0.000164, 1.000000, 0.000298, 1.600000
30, 0.049985, 0.000192, 1.000000, 0.000284, 1.600000
30, 0.048660, 0.000179, 1.000000, 0.000276, 1.600000
30, 0.071600, 0.000186, 1.000000, 0.000280, 1.600000
30, 0.053774, 0.000235, 1.000000, 0.000320, 1.600000
30, 0.052313, 0.000186, 1.000000, 0.000274, 1.600000
30, 0.054736, 0.000166, 1.000000, 0.000272, 1.600000
30, 0.051687, 0.000185, 1.000000, 0.000310, 1.600000
30, 0.071583, 0.000172, 1.000000, 0.000286, 1.600000
30, 0.052345, 0.000180, 1.000000, 0.000287, 1.600000
30, 0.086198, 0.000231, 1.066667, 0.000302, 1.466667
30, 0.070089, 0.000180, 1.066667, 0.000276, 1.466667
30, 0.084820, 0.000214, 1.066667, 0.000296, 1.466667
30, 0.084653, 0.000192, 1.066667, 0.000269, 1.466667
30, 0.085938, 0.000213, 1.066667, 0.000489, 1.466667
30, 0.066058, 0.000194, 1.066667, 0.000260, 1.466667
30, 0.054090, 0.000176, 1.066667, 0.000257, 1.466667
30, 0.080292, 0.000209, 1.066667, 0.000287, 1.466667
30, 0.068542, 0.000216, 1.066667, 0.000291, 1.466667
30, 0.059800, 0.000221, 1.066667, 0.000281, 1.466667
30, 0.040939, 0.000207, 1.142857, 0.000305, 1.714286
30, 0.037770, 0.000233, 1.142857, 0.000285, 1.714286
30, 0.039299, 0.000206, 1.142857, 0.000282, 1.714286
30, 0.038986, 0.000208, 1.142857, 0.000298, 1.714286
30, 0.050170, 0.000210, 1.142857, 0.000303, 1.714286
30, 0.050032, 0.000193, 1.142857, 0.000283, 1.714286
30, 0.040000, 0.000202, 1.142857, 0.000275, 1.714286
30, 0.045351, 0.000212, 1.142857, 0.000277, 1.714286
30, 0.032488, 0.000219, 1.142857, 0.000285, 1.714286
30, 0.050045, 0.000226, 1.142857, 0.000309, 1.714286
30, 0.040583, 0.000223, 1.142857, 0.000488, 1.714286
30, 0.038911, 0.000225, 1.142857, 0.000328, 1.714286
30, 0.042884, 0.000203, 1.142857, 0.000291, 1.714286
30, 0.038958, 0.000223, 1.142857, 0.000276, 1.714286
30, 0.040674, 0.000224, 1.142857, 0.000272, 1.714286
30, 0.042862, 0.000200, 1.142857, 0.000271, 1.714286
30, 0.042404, 0.000193, 1.142857, 0.000290, 1.714286
30, 0.037486, 0.000220, 1.142857, 0.000279, 1.714286
30, 0.039885, 0.000233, 1.142857, 0.000287, 1.714286
30, 0.052744, 0.000199, 1.142857, 0.000270, 1.714286
30, 0.048326, 0.000171, 1.000000, 0.000242, 1.428571
30, 0.041835, 0.000196, 1.000000, 0.000235, 1.428571
30, 0.045403, 0.000195, 1.000000, 0.000249, 1.428571
30, 0.047679, 0.000237, 1.000000, 0.000273, 1.428571
30, 0.042202, 0.000162, 1.000000, 0.000238, 1.428571
30, 0.042025, 0.000221, 1.000000, 0.000256, 1.428571
30, 0.044215, 0.000206, 1.000000, 0.000258, 1.428571
30, 0.059681, 0.000182, 1.000000, 0.000225, 1.428571
30, 0.060516, 0.000160, 1.000000, 0.000233, 1.428571
30, 0.059474, 0.000180, 1.000000, 0.000241, 1.428571
30, 0.037376, 0.000237, 1.071429, 0.000483, 1.571429
30, 0.041162, 0.000201, 1.071429, 0.000302, 1.571429
30, 0.042133, 0.000170, 1.071429, 0.000254, 1.571429
30, 0.050373, 0.000216, 1.071429, 0.000251, 1.571429
30, 0.041742, 0.000223, 1.071429, 0.000263, 1.571429
30, 0.035372, 0.000208, 1.071429, 0.000265, 1.571429
30, 0.039786, 0.000203, 1.071429, 0.000261, 1.571429
30, 0.042592, 0.000199, 1.071429, 0.000286, 1.571429
30, 0.051575, 0.000182, 1.071429, 0.000265, 1.571429
30, 0.039063, 0.000235, 1.071429, 0.000304, 1.571429
30, 0.058885, 0.000170, 1.000000, 0.000324, 1.733333
30, 0.059327, 0.000191, 1.000000, 0.000329, 1.733333
30, 0.058570, 0.000196, 1.000000, 0.000314, 1.733333
30, 0.058463, 0.000222, 1.000000, 0.000318, 1.733333
30, 0.081180, 0.000185, 1.000000, 0.000294, 1.733333
30, 0.060132, 0.000217, 1.000000, 0.000319, 1.733333
30, 0.060293, 0.000203, 1.000000, 0.000307, 1.733333
30, 0.061328, 0.000198, 1.000000, 0.000292, 1.733333
30, 0.060419, 0.000200, 1.000000, 0.000322, 1.733333
30, 0.060550, 0.000208, 1.000000, 0.000331, 1.733333
30, 0.035842, 0.000185, 1.000000, 0.000283, 1.692308
30, 0.031775, 0.000182, 1.000000, 0.000260, 1.692308
30, 0.033576, 0.000203, 1.000000, 0.000257, 1.692308
30, 0.034236, 0.000171, 1.000000, 0.000276, 1.692308
30, 0.042500, 0.000181, 1.000000, 0.000251, 1.692308
30, 0.033868, 0.000208, 1.000000, 0.000289, 1.692308
30, 0.034615, 0.000157, 1.000000, 0.000258, 1.692308
30, 0.037366, 0.000185, 1.000000, 0.000271, 1.692308
30, 0.026666, 0.000147, 1.000000, 0.000250, 1.692308
30, 0.035894, 0.000209, 1.000000, 0.000297, 1.692308
30, 0.050814, 0.000192, 1.000000, 0.000303, 1.600000
30, 0.067784, 0.000170, 1.000000, 0.000275, 1.600000
30, 0.052449, 0.000175, 1.000000, 0.000280, 1.600000
30, 0.049949, 0.000223, 1.000000, 0.000276, 1.600000
30, 0.050289, 0.000196, 1.000000, 0.000272, 1.600000
30, 0.051996, 0.000183, 1.000000, 0.000316, 1.600000
30, 0.052489, 0.000223, 1.000000, 0.000320, 1.600000
30, 0.051072, 0.000189, 1.000000, 0.000332, 1.600000
30, 0.054924, 0.000203, 1.000000, 0.000279, 1.600000
30, 0.049024, 0.000202, 1.000000, 0.000299, 1.600000
