10, 0.001224, 0.000066, 1.000000, 0.000050, 1.200000
10, 0.001259, 0.000054, 1.000000, 0.000062, 1.200000
10, 0.001237, 0.000071, 1.000000, 0.000061, 1.200000
10, 0.001241, 0.000059, 1.000000, 0.000048, 1.200000
10, 0.001237, 0.000045, 1.000000, 0.000050, 1.200000
10, 0.001970, 0.000075, 1.000000, 0.000049, 1.200000
10, 0.001226, 0.000037, 1.000000, 0.000054, 1.200000
10, 0.001236, 0.000041, 1.000000, 0.000049, 1.200000
10, 0.001227, 0.000047, 1.000000, 0.000052, 1.200000
10, 0.001232, 0.000044, 1.000000, 0.000047, 1.200000
10, 0.001297, 0.000045, 1.000000, 0.000055, 1.600000
10, 0.002198, 0.000063, 1.000000, 0.000077, 1.600000
10, 0.001276, 0.000063, 1.000000, 0.000069, 1.600000
10, 0.001290, 0.000066, 1.000000, 0.000057, 1.600000
10, 0.001298, 0.000059, 1.000000, 0.000072, 1.600000
10, 0.001293, 0.000040, 1.000000, 0.000063, 1.600000
10, 0.001297, 0.000052, 1.000000, 0.000046, 1.600000
10, 0.001289, 0.000057, 1.000000, 0.000066, 1.600000
10, 0.001333, 0.000060, 1.000000, 0.000077, 1.600000
10, 0.001289, 0.000039, 1.000000, 0.000058, 1.600000
10, 0.001254, 0.000038, 1.000000, 0.000119, 1.200000
10, 0.001229, 0.000038, 1.000000, 0.000050, 1.200000
10, 0.001987, 0.000063, 1.000000, 0.000063, 1.200000
10, 0.001239, 0.000039, 1.000000, 0.000055, 1.200000
10, 0.001983, 0.000071, 1.000000, 0.000066, 1.200000
10, 0.001259, 0.000042, 1.000000, 0.000052, 1.200000
10, 0.001990, 0.000069, 1.000000, 0.000069, 1.200000
10, 0.001234, 0.000055, 1.000000, 0.000051, 1.200000
10, 0.001227, 0.000038, 1.000000, 0.000056, 1.200000
10, 0.001238, 0.000047, 1.000000, 0.000050, 1.200000
10, 0.001226, 0.000058, 1.000000, 0.000062, 1.200000
10, 0.001212, 0.000052, 1.000000, 0.000057, 1.200000
10, 0.001220, 0.000040, 1.000000, 0.000059, 1.200000
10, 0.001209, 0.000038, 1.000000, 0.000056, 1.200000
10, 0.001238, 0.000053, 1.000000, 0.000061, 1.200000
10, 0.001208, 0.000052, 1.000000, 0.000056, 1.200000
10, 0.001238, 0.000065, 1.000000, 0.000050, 1.200000
10, 0.001227, 0.000050, 1.000000, 0.000050, 1.200000
10, 0.001240, 0.000044, 1.000000, 0.000049, 1.200000
10, 0.001223, 0.000044, 1.000000, 0.000051, 1.200000
10, 0.002333, 0.000103, 1.000000, 0.000089, 1.600000
10, 0.001439, 0.000062, 1.000000, 0.000055, 1.600000
10, 0.001433, 0.000052, 1.000000, 0.000075, 1.600000
10, 0.001416, 0.000039, 1.000000, 0.000062, 1.600000
10, 0.002306, 0.000062, 1.000000, 0.000075, 1.600000
10, 0.001425, 0.000054, 1.000000, 0.000065, 1.600000
10, 0.001442, 0.000048, 1.000000, 0.000071, 1.600000
10, 0.001446, 0.000045, 1.000000, 0.000069, 1.600000
10, 0.002294, 0.000099, 1.000000, 0.000055, 1.600000
10, 0.001445, 0.000084, 1.000000, 0.000066, 1.600000
10, 0.001448, 0.000052, 1.200000, 0.000073, 1.600000
10, 0.002344, 0.000043, 1.200000, 0.000079, 1.600000
10, 0.001440, 0.000058, 1.200000, 0.000056, 1.600000
10, 0.001463, 0.000062, 1.200000, 0.000058, 1.600000
10, 0.001476, 0.000050, 1.200000, 0.000068, 1.600000
10, 0.001461, 0.000050, 1.200000, 0.000056, 1.600000
10, 0.001448, 0.000044, 1.200000, 0.000062, 1.600000
10, 0.002338, 0.000062, 1.200000, 0.000074, 1.600000
10, 0.001453, 0.000074, 1.200000, 0.000068, 1.600000
10, 0.001461, 0.000069, 1.200000, 0.000054, 1.600000
10, 0.001097, 0.000036, 1.000000, 0.000063, 1.500000
10, 0.001083, 0.000035, 1.000000, 0.000055, 1.500000
10, 0.001091, 0.000034, 1.000000, 0.000051, 1.500000
10, 0.001081, 0.000035, 1.000000, 0.000057, 1.500000
10, 0.001081, 0.000052, 1.000000, 0.000051, 1.500000
10, 0.001084, 0.000035, 1.000000, 0.000056, 1.500000
10, 0.001080, 0.000049, 1.000000, 0.000063, 1.500000
10, 0.001084, 0.000035, 1.000000, 0.000056, 1.500000
10, 0.001755, 0.000065, 1.000000, 0.000069, 1.500000
10, 0.001093, 0.000034, 1.000000, 0.000053, 1.500000
10, 0.001360, 0.000036, 1.000000, 0.000062, 1.600000
10, 0.002177, 0.000068, 1.000000, 0.000068, 1.600000
10, 0.001353, 0.000037, 1.000000, 0.000065, 1.600000
10, 0.001365, 0.000052, 1.000000, 0.000071, 1.600000
10, 0.001379, 0.000060, 1.000000, 0.000056, 1.600000
10, 0.001372, 0.000039, 1.000000, 0.000056, 1.600000
10, 0.001350, 0.000037, 1.000000, 0.000061, 1.600000
10, 0.001390, 0.000053, 1.000000, 0.000070, 1.600000
10, 0.001339, 0.000042, 1.000000, 0.000063, 1.600000
10, 0.002195, 0.000075, 1.000000, 0.000056, 1.600000
10, 0.001241, 0.000056, 1.000000, 0.000048, 1.600000
10, 0.001259, 0.000051, 1.000000, 0.000070, 1.600000
10, 0.001242, 0.000048, 1.000000, 0.000061, 1.600000
10, 0.001261, 0.000046, 1.000000, 0.000060, 1.600000
10, 0.001244, 0.000038, 1.000000, 0.000067, 1.600000
10, 0.001225, 0.000106, 1.000000, 0.000110, 1.600000
10, 0.001246, 0.000066, 1.000000, 0.000056, 1.600000
10, 0.001992, 0.000082, 1.000000, 0.000055, 1.600000
10, 0.001228, 0.000038, 1.000000, 0.000062, 1.600000
10, 0.001996, 0.000069, 1.000000, 0.000075, 1.600000
10, 0.001314, 0.000057, 1.000000, 0.000045, 1.200000
10, 0.002135, 0.000060, 1.000000, 0.000070, 1.200000
10, 0.001326, 0.000044, 1.000000, 0.000056, 1.200000
10, 0.001331, 0.000037, 1.000000, 0.000049, 1.200000
10, 0.001334, 0.000037, 1.000000, 0.000054, 1.200000
10, 0.001330, 0.000039, 1.000000, 0.000057, 1.200000
10, 0.001321, 0.000039, 1.000000, 0.000049, 1.200000
10, 0.001324, 0.000063, 1.000000, 0.000049, 1.200000
10, 0.001321, 0.000039, 1.000000, 0.000051, 1.200000
10, 0.001313, 0.000053, 1.000000, 0.000062, 1.200000
