20, 0.014416, 0.000116, 1.100000, 0.000144, 1.400000
20, 0.014119, 0.000127, 1.100000, 0.000152, 1.400000
20, 0.016149, 0.000137, 1.100000, 0.000160, 1.400000
20, 0.012597, 0.000130, 1.100000, 0.000157, 1.400000
20, 0.014639, 0.000124, 1.100000, 0.000149, 1.400000
20, 0.010541, 0.000127, 1.100000, 0.000127, 1.400000
20, 0.016234, 0.000124, 1.100000, 0.000134, 1.400000
20, 0.010620, 0.000122, 1.100000, 0.000127, 1.400000
20, 0.015752, 0.000175, 1.100000, 0.000166, 1.400000
20, 0.013812, 0.000131, 1.100000, 0.000157, 1.400000
20, 0.018768, 0.000108, 1.000000, 0.000151, 1.454545
20, 0.018852, 0.000098, 1.000000, 0.000157, 1.454545
20, 0.021425, 0.000130, 1.000000, 0.000182, 1.454545
20, 0.021379, 0.000134, 1.000000, 0.000177, 1.454545
20, 0.019285, 0.000116, 1.000000, 0.000188, 1.454545
20, 0.021504, 0.000137, 1.000000, 0.000182, 1.454545
20, 0.015028, 0.000141, 1.000000, 0.000161, 1.454545
20, 0.019400, 0.000120, 1.000000, 0.000169, 1.454545
20, 0.018765, 0.000118, 1.000000, 0.000172, 1.454545
20, 0.021364, 0.000142, 1.000000, 0.000183, 1.454545
20, 0.013423, 0.000120, 1.100000, 0.000172, 1.600000
20, 0.012759, 0.000126, 1.100000, 0.000169, 1.600000
20, 0.012844, 0.000102, 1.100000, 0.000143, 1.600000
20, 0.012844, 0.000110, 1.100000, 0.000256, 1.600000
20, 0.018064, 0.000130, 1.100000, 0.000143, 1.600000
20, 0.016998, 0.000181, 1.100000, 0.000177, 1.600000
20, 0.012805, 0.000138, 1.100000, 0.000149, 1.600000
20, 0.012863, 0.000104, 1.100000, 0.000143, 1.600000
20, 0.012823, 0.000135, 1.100000, 0.000243, 1.600000
20, 0.012840, 0.000137, 1.100000, 0.000154, 1.600000
20, 0.017382, 0.000123, 1.100000, 0.000161, 1.600000
20, 0.016000, 0.000138, 1.100000, 0.000177, 1.600000
20, 0.010132, 0.000127, 1.100000, 0.000144, 1.600000
20, 0.014078, 0.000126, 1.100000, 0.000141, 1.600000
20, 0.017731, 0.000150, 1.100000, 0.000172, 1.600000
20, 0.013996, 0.000116, 1.100000, 0.000158, 1.600000
20, 0.015994, 0.000137, 1.100000, 0.000176, 1.600000
20, 0.011394, 0.000098, 1.100000, 0.000145, 1.600000
20, 0.013974, 0.000099, 1.100000, 0.000157, 1.600000
20, 0.012940, 0.000170, 1.100000, 0.000151, 1.600000
20, 0.012428, 0.000124, 1.000000, 0.000177, 1.777778
20, 0.007695, 0.000129, 1.000000, 0.000146, 1.777778
20, 0.011530, 0.000140, 1.000000, 0.000173, 1.777778
20, 0.015390, 0.000144, 1.000000, 0.000199, 1.777778
20, 0.009455, 0.000108, 1.000000, 0.000144, 1.777778
20, 0.013411, 0.000115, 1.000000, 0.000157, 1.777778
20, 0.011856, 0.000108, 1.000000, 0.000168, 1.777778
20, 0.013748, 0.000122, 1.000000, 0.000180, 1.777778
20, 0.015257, 0.000115, 1.000000, 0.000173, 1.777778
20, 0.009560, 0.000128, 1.000000, 0.000158, 1.777778
20, 0.015304, 0.000121, 1.100000, 0.000266, 1.600000
20, 0.009875, 0.000117, 1.100000, 0.000147, 1.600000
20, 0.017494, 0.000123, 1.100000, 0.000163, 1.600000
20, 0.017492, 0.000137, 1.100000, 0.000179, 1.600000
20, 0.014957, 0.000097, 1.100000, 0.000143, 1.600000
20, 0.015097, 0.000141, 1.100000, 0.000179, 1.600000
20, 0.017188, 0.000121, 1.100000, 0.000160, 1.600000
20, 0.012274, 0.000098, 1.100000, 0.000143, 1.600000
20, 0.012113, 0.000113, 1.100000, 0.000144, 1.600000
20, 0.012086, 0.000098, 1.100000, 0.000148, 1.600000
20, 0.011503, 0.000098, 1.000000, 0.000165, 1.777778
20, 0.014790, 0.000109, 1.000000, 0.000164, 1.777778
20, 0.009208, 0.000101, 1.000000, 0.000144, 1.777778
20, 0.014554, 0.000101, 1.000000, 0.000165, 1.777778
20, 0.014877, 0.000110, 1.000000, 0.000165, 1.777778
20, 0.013463, 0.000107, 1.000000, 0.000179, 1.777778
20, 0.012658, 0.000144, 1.000000, 0.000174, 1.777778
20, 0.013351, 0.000107, 1.000000, 0.000173, 1.777778
20, 0.013592, 0.000116, 1.000000, 0.000177, 1.777778
20, 0.014870, 0.000113, 1.000000, 0.000165, 1.777778
20, 0.008113, 0.000103, 1.000000, 0.000153, 1.800000
20, 0.018238, 0.000118, 1.000000, 0.000190, 1.800000
20, 0.013083, 0.000118, 1.000000, 0.000177, 1.800000
20, 0.012714, 0.000117, 1.000000, 0.000176, 1.800000
20, 0.017487, 0.000145, 1.000000, 0.000192, 1.800000
20, 0.015917, 0.000125, 1.000000, 0.000198, 1.800000
20, 0.012423, 0.000111, 1.000000, 0.000179, 1.800000
20, 0.012519, 0.000101, 1.000000, 0.000160, 1.800000
20, 0.012396, 0.000092, 1.000000, 0.000156, 1.800000
20, 0.012721, 0.000090, 1.000000, 0.000154, 1.800000
20, 0.021406, 0.000127, 1.000000, 0.000146, 1.454545
20, 0.018097, 0.000129, 1.000000, 0.000146, 1.454545
20, 0.018001, 0.000148, 1.000000, 0.000201, 1.454545
20, 0.021141, 0.000125, 1.000000, 0.000170, 1.454545
20, 0.021269, 0.000132, 1.000000, 0.000194, 1.454545
20, 0.021481, 0.000124, 1.000000, 0.000162, 1.454545
20, 0.019823, 0.000135, 1.000000, 0.000176, 1.454545
20, 0.018106, 0.000116, 1.000000, 0.000160, 1.454545
20, 0.018183, 0.000096, 1.000000, 0.000145, 1.454545
20, 0.020230, 0.000165, 1.000000, 0.000189, 1.454545
20, 0.012617, 0.000136, 1.000000, 0.000174, 1.400000
20, 0.011633, 0.000109, 1.000000, 0.000133, 1.400000
20, 0.013415, 0.000127, 1.000000, 0.000165, 1.400000
20, 0.017036, 0.000119, 1.000000, 0.000154, 1.400000
20, 0.011661, 0.000096, 1.000000, 0.000136, 1.400000
20, 0.011934, 0.000118, 1.000000, 0.000130, 1.400000
20, 0.017645, 0.000106, 1.000000, 0.000135, 1.400000
20, 0.016857, 0.000124, 1.000000, 0.000157, 1.400000
20, 0.012459, 0.000112, 1.000000, 0.000156, 1.400000
20, 0.011497, 0.000108, 1.000000, 0.000132, 1.400000
