15, 0.003991, 0.000059, 1.000000, 0.000092, 1.714286
15, 0.006490, 0.000084, 1.000000, 0.000119, 1.714286
15, 0.003519, 0.000078, 1.000000, 0.000092, 1.714286
15, 0.004023, 0.000100, 1.000000, 0.000104, 1.714286
15, 0.004010, 0.000059, 1.000000, 0.000102, 1.714286
15, 0.006501, 0.000132, 1.000000, 0.000116, 1.714286
15, 0.006514, 0.000108, 1.000000, 0.000131, 1.714286
15, 0.006464, 0.000094, 1.000000, 0.000130, 1.714286
15, 0.004009, 0.000084, 1.000000, 0.000106, 1.714286
15, 0.006472, 0.000117, 1.000000, 0.000124, 1.714286
15, 0.007705, 0.000088, 1.000000, 0.000121, 1.714286
15, 0.007673, 0.000097, 1.000000, 0.000140, 1.714286
15, 0.003138, 0.000073, 1.000000, 0.000097, 1.714286
15, 0.007706, 0.000075, 1.000000, 0.000147, 1.714286
15, 0.007686, 0.000094, 1.000000, 0.000126, 1.714286
15, 0.007691, 0.000085, 1.000000, 0.000116, 1.714286
15, 0.007649, 0.000119, 1.000000, 0.000119, 1.714286
15, 0.004779, 0.000082, 1.000000, 0.000098, 1.714286
15, 0.004750, 0.000067, 1.000000, 0.000098, 1.714286
15, 0.007705, 0.000081, 1.000000, 0.000099, 1.714286
15, 0.004426, 0.000101, 1.000000, 0.000136, 2.000000
15, 0.002702, 0.000063, 1.000000, 0.000103, 2.000000
15, 0.004430, 0.000126, 1.000000, 0.000116, 2.000000
15, 0.002260, 0.000070, 1.000000, 0.000104, 2.000000
15, 0.002709, 0.000079, 1.000000, 0.000106, 2.000000
15, 0.004430, 0.000074, 1.000000, 0.000093, 2.000000
15, 0.002230, 0.000072, 1.000000, 0.000111, 2.000000
15, 0.004378, 0.000103, 1.000000, 0.000094, 2.000000
15, 0.002715, 0.000077, 1.000000, 0.000109, 2.000000
15, 0.004374, 0.000066, 1.000000, 0.000094, 2.000000
15, 0.005598, 0.000077, 1.000000, 0.000105, 1.750000
15, 0.009104, 0.000117, 1.000000, 0.000103, 1.750000
15, 0.005590, 0.000071, 1.000000, 0.000106, 1.750000
15, 0.005566, 0.000062, 1.000000, 0.000107, 1.750000
15, 0.009069, 0.000130, 1.000000, 0.000130, 1.750000
15, 0.009098, 0.000116, 1.000000, 0.000104, 1.750000
15, 0.005590, 0.000074, 1.000000, 0.000117, 1.750000
15, 0.009070, 0.000089, 1.000000, 0.000127, 1.750000
15, 0.008239, 0.000083, 1.000000, 0.000112, 1.750000
15, 0.005570, 0.000085, 1.000000, 0.000103, 1.750000
15, 0.009027, 0.000096, 1.000000, 0.000128, 1.750000
15, 0.005588, 0.000078, 1.000000, 0.000104, 1.750000
15, 0.005530, 0.000072, 1.000000, 0.000113, 1.750000
15, 0.009019, 0.000138, 1.000000, 0.000142, 1.750000
15, 0.009042, 0.000100, 1.000000, 0.000134, 1.750000
15, 0.005587, 0.000078, 1.000000, 0.000119, 1.750000
15, 0.008988, 0.000093, 1.000000, 0.000106, 1.750000
15, 0.005584, 0.000088, 1.000000, 0.000119, 1.750000
15, 0.008588, 0.000062, 1.000000, 0.000103, 1.750000
15, 0.005517, 0.000066, 1.000000, 0.000125, 1.750000
15, 0.005553, 0.000068, 1.000000, 0.000082, 1.250000
15, 0.008653, 0.000092, 1.000000, 0.000086, 1.250000
15, 0.009057, 0.000095, 1.000000, 0.000108, 1.250000
15, 0.009084, 0.000100, 1.000000, 0.000109, 1.250000
15, 0.009086, 0.000096, 1.000000, 0.000107, 1.250000
15, 0.009087, 0.000096, 1.000000, 0.000105, 1.250000
15, 0.008771, 0.000088, 1.000000, 0.000109, 1.250000
15, 0.005670, 0.000061, 1.000000, 0.000084, 1.250000
15, 0.009087, 0.000092, 1.000000, 0.000114, 1.250000
15, 0.005564, 0.000068, 1.000000, 0.000084, 1.250000
15, 0.007209, 0.000095, 1.000000, 0.000103, 1.428571
15, 0.004474, 0.000085, 1.000000, 0.000105, 1.428571
15, 0.007339, 0.000099, 1.000000, 0.000092, 1.428571
15, 0.007277, 0.000087, 1.000000, 0.000110, 1.428571
15, 0.004440, 0.000072, 1.000000, 0.000090, 1.428571
15, 0.004499, 0.000057, 1.000000, 0.000083, 1.428571
15, 0.004486, 0.000057, 1.000000, 0.000087, 1.428571
15, 0.006883, 0.000084, 1.000000, 0.000110, 1.428571
15, 0.004530, 0.000058, 1.000000, 0.000093, 1.428571
15, 0.007242, 0.000088, 1.000000, 0.000114, 1.428571
15, 0.005946, 0.000083, 1.000000, 0.000131, 1.714286
15, 0.004103, 0.000056, 1.000000, 0.000105, 1.714286
15, 0.006018, 0.000093, 1.000000, 0.000122, 1.714286
15, 0.003691, 0.000062, 1.000000, 0.000093, 1.714286
15, 0.005938, 0.000108, 1.000000, 0.000121, 1.714286
15, 0.003743, 0.000059, 1.000000, 0.000110, 1.714286
15, 0.005506, 0.000089, 1.000000, 0.000117, 1.714286
15, 0.003697, 0.000061, 1.000000, 0.000099, 1.714286
15, 0.003679, 0.000058, 1.000000, 0.000091, 1.714286
15, 0.003717, 0.000059, 1.000000, 0.000098, 1.714286
15, 0.006965, 0.000123, 1.000000, 0.000113, 1.428571
15, 0.007007, 0.000088, 1.000000, 0.000107, 1.428571
15, 0.004324, 0.000085, 1.000000, 0.000111, 1.428571
15, 0.004330, 0.000059, 1.000000, 0.000081, 1.428571
15, 0.004337, 0.000056, 1.000000, 0.000087, 1.428571
15, 0.004289, 0.000058, 1.000000, 0.000080, 1.428571
15, 0.006951, 0.000066, 1.000000, 0.000084, 1.428571
15, 0.004314, 0.000101, 1.000000, 0.000097, 1.428571
15, 0.007034, 0.000147, 1.000000, 0.000139, 1.428571
15, 0.006954, 0.000085, 1.000000, 0.000126, 1.428571
15, 0.007730, 0.000107, 1.000000, 0.000134, 1.714286
15, 0.008570, 0.000077, 1.000000, 0.000108, 1.714286
15, 0.008773, 0.000088, 1.000000, 0.000120, 1.714286
15, 0.005401, 0.000086, 1.000000, 0.000096, 1.714286
15, 0.008771, 0.000095, 1.000000, 0.000117, 1.714286
15, 0.005366, 0.000094, 1.000000, 0.000097, 1.714286
15, 0.008774, 0.000102, 1.000000, 0.000096, 1.714286
15, 0.008332, 0.000092, 1.000000, 0.000126, 1.714286
15, 0.008627, 0.000091, 1.000000, 0.000123, 1.714286
15, 0.008774, 0.000087, 1.000000, 0.000122, 1.714286
