50, 1.315227, 0.000437, 1.040000, 0.000704, 1.680000
50, 1.305961, 0.000473, 1.040000, 0.000762, 1.680000
50, 1.309178, 0.000457, 1.040000, 0.000735, 1.680000
50, 1.308461, 0.000467, 1.040000, 0.000747, 1.680000
50, 1.308884, 0.000470, 1.040000, 0.000726, 1.680000
50, 1.311803, 0.000445, 1.040000, 0.000698, 1.680000
50, 1.310462, 0.000518, 1.040000, 0.000792, 1.680000
50, 1.308583, 0.000459, 1.040000, 0.000736, 1.680000
50, 1.310213, 0.000467, 1.040000, 0.000738, 1.680000
50, 1.308993, 0.000450, 1.040000, 0.000701, 1.680000
50, 0.588123, 0.000454, 1.041667, 0.001033, 1.500000
50, 0.578371, 0.000420, 1.041667, 0.000599, 1.500000
50, 0.583926, 0.000453, 1.041667, 0.000643, 1.500000
50, 0.585184, 0.000434, 1.041667, 0.000615, 1.500000
50, 0.585077, 0.000444, 1.041667, 0.000617, 1.500000
50, 0.581813, 0.000441, 1.041667, 0.000626, 1.500000
50, 0.589468, 0.000430, 1.041667, 0.000619, 1.500000
50, 0.576545, 0.000448, 1.041667, 0.000616, 1.500000
50, 0.587947, 0.000498, 1.041667, 0.000636, 1.500000
50, 0.579966, 0.000432, 1.041667, 0.000626, 1.500000
50, 1.047669, 0.000451, 1.040000, 0.000692, 1.600000
50, 1.042247, 0.000445, 1.040000, 0.000719, 1.600000
50, 1.038306, 0.000483, 1.040000, 0.000711, 1.600000
50, 1.040514, 0.000469, 1.040000, 0.000708, 1.600000
50, 1.038755, 0.000438, 1.040000, 0.000673, 1.600000
50, 1.042488, 0.000441, 1.040000, 0.000703, 1.600000
50, 1.039071, 0.000448, 1.040000, 0.000714, 1.600000
50, 1.046263, 0.000447, 1.040000, 0.000712, 1.600000
50, 1.049931, 0.000462, 1.040000, 0.000718, 1.600000
50, 1.042856, 0.000444, 1.040000, 0.000717, 1.600000
50, 0.706090, 0.000396, 1.043478, 0.001185, 1.826087
50, 0.704081, 0.000426, 1.043478, 0.000741, 1.826087
50, 0.704247, 0.000433, 1.043478, 0.000729, 1.826087
50, 0.698283, 0.000451, 1.043478, 0.000713, 1.826087
50, 0.702273, 0.000425, 1.043478, 0.000722, 1.826087
50, 0.703192, 0.000428, 1.043478, 0.000724, 1.826087
50, 0.711041, 0.000424, 1.043478, 0.000736, 1.826087
50, 0.694934, 0.000408, 1.043478, 0.000707, 1.826087
50, 0.715595, 0.000411, 1.043478, 0.000716, 1.826087
50, 0.703123, 0.000408, 1.043478, 0.000739, 1.826087
50, 0.344191, 0.000408, 1.045455, 0.000672, 1.727273
50, 0.342465, 0.000400, 1.045455, 0.000634, 1.727273
50, 0.345589, 0.000403, 1.045455, 0.000635, 1.727273
50, 0.342104, 0.000416, 1.045455, 0.000684, 1.727273
50, 0.340777, 0.000397, 1.045455, 0.000634, 1.727273
50, 0.344389, 0.000400, 1.045455, 0.000662, 1.727273
50, 0.346016, 0.000407, 1.045455, 0.000637, 1.727273
50, 0.345337, 0.000411, 1.045455, 0.000671, 1.727273
50, 0.346569, 0.000422, 1.045455, 0.000632, 1.727273
50, 0.344913, 0.000404, 1.045455, 0.000658, 1.727273
50, 1.100658, 0.000430, 1.041667, 0.000701, 1.666667
50, 1.110666, 0.000436, 1.041667, 0.000699, 1.666667
50, 1.107823, 0.000430, 1.041667, 0.000711, 1.666667
50, 1.104398, 0.000434, 1.041667, 0.000702, 1.666667
50, 1.105960, 0.000422, 1.041667, 0.000684, 1.666667
50, 1.110742, 0.000478, 1.041667, 0.000677, 1.666667
50, 1.105566, 0.000423, 1.041667, 0.000724, 1.666667
50, 1.106684, 0.000441, 1.041667, 0.000701, 1.666667
50, 1.100836, 0.000411, 1.041667, 0.000672, 1.666667
50, 1.102682, 0.000422, 1.041667, 0.000667, 1.666667
50, 0.585387, 0.000436, 1.000000, 0.000641, 1.500000
50, 0.582634, 0.000429, 1.000000, 0.000604, 1.500000
50, 0.591679, 0.000426, 1.000000, 0.000631, 1.500000
50, 0.592983, 0.000413, 1.000000, 0.000615, 1.500000
50, 0.583616, 0.000422, 1.000000, 0.000610, 1.500000
50, 0.584172, 0.000419, 1.000000, 0.000634, 1.500000
50, 0.583795, 0.000447, 1.000000, 0.000605, 1.500000
50, 0.583566, 0.000438, 1.000000, 0.000596, 1.500000
50, 0.588755, 0.000434, 1.000000, 0.000638, 1.500000
50, 0.586804, 0.000406, 1.000000, 0.000614, 1.500000
50, 1.061581, 0.000456, 1.120000, 0.000756, 1.840000
50, 1.048754, 0.000494, 1.120000, 0.000755, 1.840000
50, 1.057199, 0.000488, 1.120000, 0.000787, 1.840000
50, 1.057842, 0.000489, 1.120000, 0.000769, 1.840000
50, 1.059832, 0.000480, 1.120000, 0.000795, 1.840000
50, 1.056623, 0.000489, 1.120000, 0.000806, 1.840000
50, 1.056172, 0.000507, 1.120000, 0.000764, 1.840000
50, 1.057487, 0.000510, 1.120000, 0.000790, 1.840000
50, 1.063747, 0.000495, 1.120000, 0.000788, 1.840000
50, 1.057122, 0.000501, 1.120000, 0.000794, 1.840000
50, 0.465951, 0.000439, 1.086957, 0.000665, 1.652174
50, 0.468606, 0.000450, 1.086957, 0.000691, 1.652174
50, 0.468649, 0.000432, 1.086957, 0.000642, 1.652174
50, 0.468268, 0.000439, 1.086957, 0.000663, 1.652174
50, 0.472227, 0.000446, 1.086957, 0.000703, 1.652174
50, 0.469131, 0.000442, 1.086957, 0.000666, 1.652174
50, 0.470612, 0.000458, 1.086957, 0.000702, 1.652174
50, 0.467652, 0.000427, 1.086957, 0.000668, 1.652174
50, 0.468669, 0.000454, 1.086957, 0.000694, 1.652174
50, 0.467478, 0.000443, 1.086957, 0.000662, 1.652174
50, 1.240383, 0.000454, 1.000000, 0.000722, 1.680000
50, 1.244145, 0.000451, 1.000000, 0.000731, 1.680000
50, 1.244044, 0.000443, 1.000000, 0.000728, 1.680000
50, 1.243288, 0.000438, 1.000000, 0.000752, 1.680000
50, 1.242754, 0.000494, 1.000000, 0.000774, 1.680000
50, 1.244703, 0.000448, 1.000000, 0.000730, 1.680000
50, 1.243717, 0.000481, 1.000000, 0.001216, 1.680000
50, 1.244030, 0.000448, 1.000000, 0.000728, 1.680000
50, 1.246007, 0.000462, 1.000000, 0.000762, 1.680000
50, 1.241258, 0.000433, 1.000000, 0.000704, 1.680000
